-> 12 10 23
9 8 23
 #
-> 12 10 23
12 12 19
 ##
-> 13 11 24
9 8 27
 ###
-> 14 12 25
9 8 27
 ####
-> 14 12 25
12 12 27
 #####
-> 15 13 26
9 12 27
 ######
-> 16 14 27
17 8 27
 #######
-> 16 14 27
16 12 27
 ########
-> 15 13 26
9 12 27
 #########
-> 16 14 27
17 8 27
 ##########
-> 17 15 28
16 12 27
 ###########
-> 19 17 30
19 16 25
 ###########a
-> 21 19 32
17 19 34
 ###########a.
-> 23 21 34
21 22 32
 ###########a.p
-> 24 22 35
27 21 38
 ###########a.pn
-> 29 21 36
27 17 39
 ###########a.png
-> 47 26 45
45 31 46
 ###########a.png~
-> 51 23 45
49 20 43
 ###########a.png~#
-> 50 22 44
49 16 47
 ###########a.png~##
-> 49 21 43
48 23 41
 ###########a.png~##9
-> 48 20 42
49 22 40
 ###########a.png~##90
-> 47 19 41
41 22 41
 ###########a.png~##909
-> 46 18 40
44 22 46
 ###########a.png~##9096
-> 46 18 40
41 18 44
 ###########a.png~##90964
-> 43 15 37
41 13 39
 ###########a.png~##909647